alpha=0.500000
beta=0.100000
ntopics=100
ndocs=11266
nwords=18127
liter=1999
